00 01 02 03 04 05 06 07 08 09 0A 0B 0C 0D 0E 0F
---------------------------------------------------
00: 2E 00 00 01 00 10 1C 00 00 00 00 01 00 78 0A 00
10: 14 00 00 00 00 00 00 00 00 00 00 00 00 00 00 00
20: 00 00 00 00 00 00 00 00 00 00 00 00 00 00 00 00
30: 00 00 00 11 00 00 00 00 00 02 00 00 00 00 00 00
40: 00 00 00 00 00 01 01 00 11 80 00 00 00 00 00 21
50: 2F 00 00 00 00 00 00 00 00 00 00 00 00 00 00 00
60: 37 0C 00 00 00 00 00 00 00 00 00 00 00 00 00 00
70: 10 28 11 41 00 00 00 00 00 00 00 F0 00 00 00 00
80: 00 00 00 00 54 00 00 28 04 40 01 28 42 40 00 00
90: 40 00 00 00 00 00 00 00 00 00 00 00 00 00 00 00
A0: 00 03 03 00 00 00 00 00 00 00 00 00 00 00 00 00
B0: 00 00 00 00 00 00 00 00 00 00 00 00 00 03 03 98
C0: 3A 30 75 4C 1D B8 0B 00 7D 74 40 13 3D 42 40 E8
D0: 03 05 00 E8 03 90 01 00 00 00 00 00 00 00 00 01
E0: 00 00 00 00 00 00 00 00 00 00 00 00 00 00 00 00
F0: 00 5A 02 3C 0A 00 00 00 00 00 00 00 00 00 00 00
---------------------------------------------------
